	B cells naive	B cells memory	Plasma cells	T cells CD8	T cells CD4 naive	T cells CD4 memory resting	T cells CD4 memory activated	T cells follicular helper	T cells regulatory (Tregs)	T cells gamma delta	NK cells resting	NK cells activated	Monocytes	Macrophages M0	Macrophages M1	Macrophages M2	Dendritic cells resting	Dendritic cells activated	Mast cells resting	Mast cells activated	Eosinophils	Neutrophils	P-value	Correlation	RMSE
GSM545657	0	0.151898253544978	0.00030122517488129	0	0	0.0718743061155345	0	0.0067211511862901	0.0413446037937239	0.018241758470498	0	0.0676242311416324	0.1024641852402	0	0	0.246287501591099	0.11398381149186	0.0280165209120437	0.15124245133726	0	0	0	0.00900000000000001	0.216177061424845	0.989839191692383
GSM545658	0	0.13278465807125	0.0346914730746171	0	0.0593925855786845	0.0265211123098842	0	0	0.00618678011603969	0.0118811995382123	0.0138426373253726	0.0355965402670554	0.092124943517625	0	0.0222248318010107	0.313179307495115	0.0410511832242278	0	0.159290435569163	0	0	0.0512323121117426	0.02	0.186947074136071	1.0038956753719
GSM545659	0	0	0.0465637007848128	0	0	0.0633580998638565	0	0.00721766443437067	0.0238352097902803	0.0210277691110972	0	0.0607678873304012	0.138597264158819	0	0.0573777434769031	0.412124639814495	0.00084367507406693	0	0.164541672075518	0	0	0.00374467408537887	0.001	0.260212476379948	0.979467723795045
GSM545660	0	0	0.0504105820457261	0.0270256571745118	0	0.105580533374765	0.00015708643024209	0	0.0448637682209339	0.0275875123447893	0.0190413151032597	0	0.0366704529547624	0.00651486029469764	0	0.454212226260444	0	0.0235730172061565	0.0999187604174468	0.00722655303371291	0	0.0972176751385507	0.0590000000000001	0.1487931054206	1.02797134001627
GSM545661	0.014752629721492	0	0.00805314756711024	0	0	0.0948846136170246	0	0.0253040242590938	0.0150388594593604	0.0374724579159546	0	0.0805354691987161	0.102002148631379	0	0.025954572660275	0.461061251581146	0.0432121080158388	0.0164163874369956	0.0753123299356139	0	0	0	0.002	0.249579739119719	0.986279594110234
GSM545662	0.0875520074199543	0	0	0	0	0.0138539406035962	0	0.0227627195321206	0.0620442516878667	0	0	0.0409313703702737	0.102361095008704	0	0.0227036112703841	0.462915304370402	0.00448838238489193	0.051462841007232	0.128924476344574	0	0	0	0.011	0.209533741016973	1.00236245509445
GSM545663	0	0.0315383092035379	0.0112768297123728	0	0	0.0891554849056653	0.0211982389849876	0	0	0	0.0208065615423259	0	0.0910790785052999	0.0120023291873271	0.0431800604957888	0.425400723407646	0.0338832853338454	0.000493781701342199	0.141976591580516	0	0.0329860114617781	0.0450227139775673	0.001	0.262194445218386	0.978815756798378
GSM545664	0	0	0.00439439514399303	0.162931863494291	0	0	0	0	0.0325790878851151	0.00418624255661595	0	0.029684168692001	0.0970807805570588	0	0.0158404206194998	0.387355698031789	3.78534429415615e-05	0	0.123667770782411	0	0	0.142241718794283	0.074	0.142013624498453	1.03596865219798
GSM2035924	0	0.0659941745631363	0.112825204916745	0.0367231121022596	0	0.117925592870329	0	0	0.0232005460613372	0	0	0.0590764845497434	0.100794001984827	0	0	0.287635493413595	0.000270364729453853	0.0212955957977555	0.139711393990866	0	0	0.0345480350199524	0.025	0.181960153397754	1.00594334703546
GSM2035925	0	0.0931720273178608	0.12449304805541	0.0500651126719776	0	0.0164519779090187	0	0	0.0224768966654024	0	0	0.0153930273727923	0.0902861050705985	0	0.0136576832913512	0.401826564303184	0.0316053851918798	0	0.117262895629629	0	0	0.0233092765208961	0.004	0.231426854347535	0.993882886438362
GSM2035926	0	0.0840224953683703	0.0281921884873613	0	0	0.0676874864447558	0	0	0.0390298816298349	0.0113287224172511	0	0.0332832615077774	0.0702290718635413	0	0.00095757591838104	0.431334335057789	0.0112086493013392	0.028654493502032	0.189770499046383	0	0	0.00430133945518331	0.003	0.239557424239003	0.987169512643909
GSM2035927	0	0.0587230314852685	0.00617940709684464	0.0088685195398786	0	0.126381018217759	0	0	0.0164532206446136	0	0	0.033340587127468	0.0529911652296607	0	0.0295212247178505	0.455829067472877	0.050032220828541	0	0.117753037685131	0	0	0.0439274999541077	0	0.281757945597915	0.969884443215948
GSM545670	0	0.00113592649144613	0.279323143729782	0.128606710522807	0.00286939347435455	0	0	0	0	0.075206558742583	0	0.0453395972409277	0	0	0.0353857255461967	0.326866574386167	0.00161590887749318	0	0.0830551662109128	0	0	0.0205952947773299	0	0.469875262465943	0.882922277622049
GSM545672	0	0.198405090303963	0.0246491580818045	0.0689631013078643	0	0.066444476512892	0	0.0240188552127158	0	0	0	0.0492726057515319	0.0867424780926461	0.0694429267276931	0.047647587672209	0.193782368266342	0	0	0.170631352070338	0	0	0	0.19	0.0978023773935594	1.03778275043655
GSM545675	0	0.136509226463038	0.0835860921042099	0	0.055060436812064	0.0604112871920201	0	0	0.0789999802442669	0.101768033555633	0	0.0334759301008994	0.0573694767330982	0.0228975275798271	0	0.161463275652976	0	0	0.171235097509286	0	0	0.0372236360526826	0.342	0.0708407901788119	1.05082694440371
GSM545676	0	0.0138529250610948	0.0989491998863335	0.0397670181737013	0	0.152696813771399	0.0167251884699248	0	0	0.0949530019771718	0	0.0408580758493612	0.0803424679719159	0	0.10094616550814	0.203804887344864	0	0.00821011569331089	0.144348823401854	0	0	0.00454531689092926	0.001	0.25832517511689	0.975768367408528
GSM545679	0.054444373980802	0	0.0133131593069891	0	0	0.150279175061146	0	0.00620643547230655	0.00393169524661148	0.0770836777956944	0.0134720896691376	0.0170273360450519	0.0218232679210767	0	0.0175108176654135	0.371927796329957	0.0379932030035706	0.00376223757665991	0.0856060953227733	0	0	0.125618639602811	0.012	0.207530251740598	1.00004864017124
GSM545680	0.0373460517577684	0	0.0460060527403441	0.10419277425046	0	0	0.0338151214898764	0	0	0.0953012691420799	0	0.0523058322359406	0.0323588115547325	0.0923744476545269	0.052455537385226	0.237077658521105	0.0825488174909246	0	0.112271689391194	0	0	0.0219459363858205	0	0.349104556060313	0.937514611913233
GSM545687	0	0.0298444892524196	0.0518525099514506	0.00987025884224454	0	0.155335302414108	0.00787264734403805	0	0.0261007318549782	0	0	0.0721085472964999	0.0580915866893315	0	0.0242872653039675	0.27528147206161	0.03209353205679	0.0227040333972963	0.207801740797278	0	0	0.0267558827379883	0.00900000000000001	0.215024452568225	0.990626825450163
GSM545691	0	0.104824003037592	0.0675497192199575	0	0	0.181742160630339	0.0147859493645319	0	0	0.0170159147765809	0.0173233077737511	0	0.0328100182270315	0	0.0248305717262542	0.353896485770026	0.0474764868917362	0	0.131332038141981	0	0.00186643514310746	0.0045469092971118	0	0.290099552194968	0.962004530679879
GSM545694	0.0776801485300768	0.0221995881352288	0	0	0	0.234801366340401	0	0.0398031146739783	0.0460390655633363	0	0.00511817601585428	0.0122583668542096	0.0719430627800183	0	0.0265643912372081	0.290314951122854	0	0.00191257591804141	0.109944830573867	0	0	0.0614203622549263	0.098	0.13150483645146	1.02589869441527
GSM2035928	0	0.0291530906991782	0.0207006981916501	0.106428788715095	0	0.0168302762472842	0	0.043276941814594	0	0.111808794573439	0	0.0188426619706385	0.0096735436907318	0	0.147064350431822	0.316272742223554	0.0217652840948027	0	0.150592544919654	0	0	0.00759028242755608	0	0.270231409919077	0.975896248301489
GSM2035929	0	0.0712707212798897	0.0805523661339829	0	0	0.0632053572053038	0	0	0.0873704481554807	0	0	0.0959543948917743	0.0800596310390151	0	0.0131012213735269	0.340541481760898	0	0.0319768727966894	0.105011744025721	0	0	0.0309557613377183	0.182	0.0999072281113614	1.03906674637693
GSM2035930	0	0.0990425749684625	0.0703786706721308	0.0391766771422378	0	0.0376574398729932	0.00686258501334663	0.0276786750231155	0	0.0185433332404619	0.0401174089996538	0.0440675535584521	0.140707419635742	0.0263025863138439	0.0269447243002064	0.352115294454061	0.00361376769666028	0	0.0506310091520048	0	0.0161602799566266	0	0.015	0.204020806541766	1.00027757920353
GSM2035931	0	0.0212598343312428	0.0505210859046173	0	0.0214394039192615	0.221536821806505	0	0	0	0.0251668988762815	0.0538523645227714	0	0.0412060409700999	0	0	0.221512920206948	0.00301937831575056	0.0480577112297735	0.186559664913978	0	0	0.10586787500277	0.038	0.169486081966187	1.0087316628525
